2931
7205
6622
3213
2910
2277
4155
3243
3042
4855
3969
5196
5934
4744
7098
2073
2120
5177
6197
3975
7359
5444
5917
3151
2775
3820
5316
2568
6102
3192
5954
3652
7551
4713
7096
4449
2053
3738
3842
2185
8194
2656
3653
5428
2680
3473
5325
4660
6936
4506
6387
7369
6722
7396
2444
5086
4220
3998
7269
7636
3046
5945
3085
4957
2477
4952
6676
2396
4142
4694
3067
6651
2942
5149
5028
8189
4471
3204
3508
5597
5222
7368
5149
7863
4443
3671
3529
2478
6977
6153
3235
6029
5294
5919
4528
3609
5501
7905
5631
6222
7594
6562
2237
3242
4702
6375
3164
3687
7244
7488
3613
3637
7146
2086
4979
4391
2172
5486
7594
2917
2685
4612
6024
7402
3600
5412
4515
7399
4999
2628
6915
2863
4889
7350
3121
5476
2345
8045
6448
5962
4532
4070
6306
2315
3196
6786
7518
2891
2691
2072
4689
6380
3145
3144
5427
7149
5786
3309
2172
2334
5970
5322
3759
6624
4683
4321
7949
5987
4928
8016
5573
3287
2514
2982
2978
2878
5811
5636
4686
2130
2825
6694
2158
5228
5806
6988
5445
5021
6645
3060
7725
7544
7031
2659
8035
2503
2599
5500
4379
5725
8027
3848
2781
7764
4069
6415
6750
6928
5088
6413
6145
6108
3198
7968
7807
3699
4369
3361
2125
2442
5641
6497
4422
5332
7486
3150
5064
3765
2495
2231
7099
7788
7906
7844
7423
3066
3476
3417
7301
4912
3339
3300
2105
7225
5570
7933
2470
2851
3861
7518
2187
3428
7806
2283
6973
4922
7327
3484
7645
4979
7569
2817
2923
3222
4180
2781
7627
5562
2352
5325
7175
2694
5332
6123
2285
5777
2205
2558
4643
6755
6457
6956
5272
7467
4243
2267
3988
4386
6362
8021
3818
6839
7118
4186
7493
4693
3355
3906
2170
7618
2553
6771
2309
2954
6786
3143
4918
6396
2438
2130
4948
2130
3516
4811
7522
3343
4026
4257
4034
7476
2422
7528
6440
4643
6614
4291
3248
5744
5549
5780
7571
6836
7071
4306
7701
3420
2343
4467
2946
4778
2574
5562
3339
5282
6559
2130
3332
8104
4961
7084
6408
5896
7325
3981
3606
6885
5592
4772
3221
4703
4475
2666
6726
6047
2329
3475
6946
3068
2393
3940
3524
6283
2717
5694
7327
7194
3018
6762
6603
5934
7761
4404
7332
4998
2573
4365
3796
2495
5598
5628
6739
2913
2525
4469
2044
6218
7761
4645
4465
7426
2953
5749
7617
6439
6747
7917
6289
7170
3149
5866
5585
7513
3642
3298
6160
6950
6687
7400
3131
4232
5774
7884
6522
7400
3651
3069
2147
4711
3197
7441
4276
2902
2519
5788
5603
6006
8176
7119
7792
4890
5495
4011
6269
7489
7987
5670
2708
7200
6979
5285
6610
5288
8169
5619
3723
6939
8084
7753
5966
6757
5910
3647
7322
3721
3811
4089
4705
3009
3419
2773
3036
2154
6650
5468
4927
2207
3654
6479
2583
5981
7408
2325
7745
5855
5335
6338
3516
2186
3449
4482
8010
6884
4204
5566
7043
6753
2268
4797
7755
4238
5965
5983
4077
3778
7428
2686
7608
2977
2097
7910
6553
2107
3760
7831
3624
7821
3360
7937
2679
7446
6418
7255
6369
6620
5222
2598
6208
3023
2883
3792
3434
7551
6535
5868
2172
6090
7566
3753
2671
5977
2613
6075
6986
6275
5801
3356
6416
6778
3267
7567
2012
8141
2455
5849
4474
2989
3078
7328
2744
7836
7801
3729
7029
8066
4054
7613
6768
7538
4848
3164
5956
5517
2098
7869
6475
5630
5388
4691
4400
2678
5449
7836
2778
6008
6072
5679
2238
5319
7186
3236
7443
2310
7451
3409
5508
7009
7453
4153
7410
2515
4817
3087
7648
6471
2120
3484
6307
8034
2161
5173
8033
7777
6107
5281
4065
5799
3237
3002
4916
6034
3299
4057
4122
6015
3588
2231
2688
3762
8195
7153
7400
7899
6635
8035
5938
5646
3614
7169
4698
3129
2647
4042
3882
5027
3470
6326
7193
4651
3637
3513
2740
7222
3105
4184
7164
6102
7515
5476
5088
3815
4183
7165
6972
3747
6612
3624
5234
3313
5989
7628
4761
4810
7864
7313
7763
